1.02315 1
1.02725 0
1.02725 1
1.03134 2
1.03134 3
1.03544 2
1.03544 3
1.03954 4
1.03954 5
1.04363 4
1.04363 5
1.04773 6
1.04773 7
1.05182 6
1.05182 7
1.05592 8
1.05592 9
1.06002 8
1.06002 9
1.07411 6
1.07411 7
1.07821 8
1.07821 9
1.0823 10
1.0823 11
1.0864 10
1.0864 11
1.0905 12
1.0905 13
1.09459 12
1.09459 13
1.09869 14
1.09869 15
1.10278 14
1.10278 15
1.10496 16
1.10688 17
1.10906 18
1.11098 19
1.11315 20
1.11507 21
1.11725 20
1.11917 21
1.12134 22
1.13326 20
1.13326 21
1.13411 22
1.13736 23
1.1382 24
1.14146 25
1.1423 26
1.14555 27
1.1464 28
1.14965 29
1.15049 28
1.15374 29
1.15459 30
1.15784 31
1.15868 32
1.16194 33
1.16278 34
1.16603 35
1.16688 34
1.17013 35
1.17097 36
1.17422 37
1.17507 38
1.17832 39
1.17916 40
1.18688 38
1.19242 39
1.19507 40
1.19651 41
1.19917 42
1.20061 40
1.20061 41
1.20326 42
1.2047 43
1.20736 44
1.2088 45
1.21146 46
1.2129 47
1.21555 48
1.21699 49
1.21965 48
1.22109 49
1.22374 50
1.22518 51
1.22784 52
1.22928 53
1.23194 54
1.23338 55
1.23603 54
1.23747 55
1.24013 56
1.25157 54
1.25157 55
1.25242 56
1.25567 57
1.25651 58
1.25976 59
1.26061 60
1.26386 61
1.2647 62
1.26795 60
1.26795 61
1.2688 62
1.27205 63
1.2729 64
1.27615 65
1.28024 66
1.28109 67
1.28518 65
1.28843 66
1.28928 67
1.29663 68
1.29747 69
1.30566 67
1.31482 68
1.31795 69
1.31891 67
1.31891 68
1.32205 69
1.32301 70
1.32614 71
1.32711 72
1.33843 70
1.33939 71
1.34253 72
1.35482 70
1.35578 71
1.35891 72
1.3712 70
1.37397 71
1.3753 72
1.37939 73
1.38626 71
1.38626 72
1.39445 73
1.39578 74
1.40397 72
1.42035 70
1.43348 71
1.43674 70
1.43758 71
1.44083 72
1.44902 73
1.45396 71
1.45396 72
1.46215 73
1.46541 74
1.47035 72
1.4736 73
1.48998 71
1.49228 72
1.49637 73
1.49818 74
1.50456 72
1.50637 73
1.51456 74
1.52095 72
1.52095 73
1.53914 71
1.55227 72
1.55552 70
1.55636 71
1.55962 72
1.5719 70
1.57275 71
1.576 72
1.58913 70
1.58913 71
1.59238 72
1.59732 73
1.60058 74
1.61468 72
1.61468 73
1.61877 74
1.62287 73
1.62287 74
1.62696 75
1.63106 76
1.63925 74
1.63925 75
1.64335 76
1.64744 77
1.65154 78
1.65973 76
1.65973 77
1.67383 76
1.67383 77
1.67792 78
1.67792 79
1.68202 80
1.68202 81
1.68612 82
1.69021 80
1.69021 81
1.69431 82
1.7025 83
1.70467 84
1.7066 82
1.72515 80
1.74117 78
1.75756 76
1.77394 74
1.79213 72
1.79213 73
1.80298 74
1.80852 72
1.80852 73
1.81936 74
1.8249 72
1.8249 73
1.83574 74
1.84394 72
1.85129 73
1.85213 74
1.85948 72
1.85948 73
1.86851 74
1.87586 72
1.87586 73
1.8849 74
1.89225 72
1.89225 73
1.90128 74
1.90947 72
1.92586 70
1.92682 71
1.94321 69
1.94321 70
1.94634 71
1.9514 72
1.95453 73
1.95959 71
1.95959 72
1.97778 70
1.97778 71
1.9791 72
1.98598 73
1.9873 74
1.99417 72
1.99549 73
2.00368 74
2.01055 72
2.01055 73
2.02006 74
2.02826 72
2.04464 70
2.04548 71
2.06102 69
2.06187 70
2.06512 71
2.07006 72
2.07741 70
2.07825 71
2.0815 72
2.09609 70
2.09609 71
2.09789 72
2.10428 73
2.10608 74
2.11247 72
2.11427 73
2.12246 74
2.12886 72
2.12886 73
2.13885 74
2.14704 72
2.16342 70
2.16427 71
2.17981 69
2.18065 70
2.1839 71
2.18884 72
2.19619 70
2.19703 71
2.20029 72
2.21439 70
2.21439 71
2.21849 72
2.22259 73
2.22259 74
2.22668 75
2.23078 73
2.23078 74
2.23487 75
2.23897 76
2.24716 74
2.24716 75
2.25126 76
2.25535 77
2.25945 78
2.27355 76
2.27355 77
2.27764 78
2.27764 79
2.28174 78
2.28174 79
2.28583 80
2.28993 81
2.29403 82
2.29812 80
2.29812 81
2.30222 82
2.31451 80
2.3327 78
2.34908 76
2.36547 74
2.3745 75
2.38221 73
2.39859 71
2.40004 72
2.41498 70
2.41643 71
2.41907 72
2.43281 70
2.43281 71
2.43546 72
2.451 70
2.451 71
2.45185 72
2.4592 73
2.46004 74
2.46739 72
2.46823 73
2.47642 74
2.48377 72
2.48377 73
2.49281 74
2.50016 72
2.50016 73
2.51738 71
2.51835 72
2.53376 70
2.53473 71
2.53786 72
2.55014 70
2.55112 71
2.55424 72
2.56653 70
2.5734 71
2.57472 72
2.57882 73
2.58569 71
2.58569 72
2.59388 73
2.5952 74
2.60208 72
2.60339 73
2.61158 74
2.61846 72
2.61846 73
2.63616 71
2.637 72
2.65254 70
2.65339 71
2.65664 72
2.66893 70
2.66977 71
2.67302 72
2.68531 70
2.69171 71
2.6935 72
2.7017 70
2.704 71
2.70579 72
2.72038 70
2.72038 71
2.72218 72
2.72857 73
2.73037 74
2.73677 72
2.73856 73
2.75494 71
2.75579 72
2.77133 70
2.77217 71
2.77542 72
2.78771 70
2.78856 71
2.79181 72
2.81411 70
2.81411 71
2.81821 72
2.81821 73
2.8223 72
2.8223 73
2.8264 74
2.83049 75
2.83459 76
2.83869 74
2.83869 75
2.84278 76
2.84688 77
2.85507 75
2.85507 76
2.85917 77
2.87326 75
2.87326 76
2.87736 77
2.87736 78
2.88145 79
2.88145 80
2.88555 81
2.88965 79
2.88965 80
2.89374 81
2.90193 82
2.9041 80
2.90819 81
2.92458 79
2.94061 77
2.95699 75
2.97338 73
2.97422 74
2.99011 72
